[gd_scene load_steps=8 format=3 uid="uid://col6s42senq0q"]

[ext_resource type="Script" path="res://fighters/base/base_fighter_param.gd" id="1_hnoxo"]
[ext_resource type="Script" path="res://data/controller/player_input_manager.gd" id="2_3nhrf"]
[ext_resource type="Script" path="res://fighters/state_machine.gd" id="2_j4oqr"]
[ext_resource type="PackedScene" path="res://fighters/base/model.tscn" id="4_4fe13"]
[ext_resource type="PackedScene" uid="uid://cami2i5sxxb06" path="res://data/collision/hitbox.tscn" id="4_u02u1"]

[sub_resource type="BoxShape3D" id="BoxShape3D_k78xr"]
resource_local_to_scene = true
size = Vector3(1, 2, 1)

[sub_resource type="SphereShape3D" id="SphereShape3D_bvclj"]

[node name="CharacterBody3D" type="CharacterBody3D"]
collision_layer = 5
collision_mask = 3
script = ExtResource("1_hnoxo")
weight = 98.0
gravity = 0.5
walk_speed = 12.0
fall_speed = 3.0
fast_fall_speed = 6.0
full_hop = 35.0

[node name="StateMachine" type="Node" parent="."]
script = ExtResource("2_j4oqr")

[node name="Director" type="Node" parent="."]
script = ExtResource("2_3nhrf")

[node name="CollisionShape3D" type="CollisionShape3D" parent="."]
transform = Transform3D(1, 0, 0, 0, 1, 0, 0, 0, 1, 0, 1, 0)
shape = SubResource("BoxShape3D_k78xr")

[node name="Mesh" type="Node3D" parent="."]

[node name="model" parent="Mesh" instance=ExtResource("4_4fe13")]
transform = Transform3D(-1.00536e-07, 0, 2.3, 0, 2.3, 0, -2.3, 0, -1.00536e-07, 0, 0, -0.134739)

[node name="Skeleton3D" parent="Mesh/model/FighterRig" index="0"]
bones/0/position = Vector3(0.0159102, 0.383501, -0.00690458)
bones/0/rotation = Quaternion(0.0776492, -0.29767, 0.232692, 0.922615)
bones/1/rotation = Quaternion(-0.071465, -0.00179746, -0.345334, 0.935753)
bones/2/rotation = Quaternion(0.866166, -0.0753507, -0.00423972, 0.494026)
bones/3/rotation = Quaternion(0.450361, 0.00766643, -0.0699476, 0.890069)
bones/4/rotation = Quaternion(0.752616, -0.381853, 0.316925, 0.4328)
bones/5/rotation = Quaternion(0.576869, -0.00699288, 0.0895959, 0.811878)
bones/8/position = Vector3(-0.0449115, 0.301725, 0.207257)
bones/9/position = Vector3(0.146271, 0.583445, 0.291613)
bones/9/rotation = Quaternion(-0.0019562, -0.543186, -0.830029, 0.126478)
bones/12/position = Vector3(-0.00221043, 0.535783, 0.019218)
bones/12/rotation = Quaternion(0.221067, -0.29573, -0.0705505, 0.926659)
bones/13/position = Vector3(1.41012e-15, 5.66754e-11, 3.0821e-08)
bones/15/rotation = Quaternion(0.189761, 0.296272, -0.0844271, 0.932247)
bones/17/rotation = Quaternion(-0.134944, 0.324688, -0.383059, 0.854186)
bones/18/rotation = Quaternion(0.812859, 0.0408655, 0.0711061, 0.576658)
bones/20/rotation = Quaternion(-0.390337, -0.700226, 0.364792, 0.473547)
bones/21/rotation = Quaternion(0.622061, -0.0552131, -0.0544151, 0.779122)
bones/22/position = Vector3(-0.000431498, 1.13272, 0.475727)
bones/26/position = Vector3(-0.204711, 0.480739, -0.0999939)
bones/26/rotation = Quaternion(0.253727, 0.160613, -0.727825, 0.61652)
bones/28/position = Vector3(-0.0307231, 0.535848, -0.27757)
bones/28/rotation = Quaternion(0.317474, 0.898207, 0.101317, 0.28665)

[node name="Abdomen" parent="Mesh/model/FighterRig/Skeleton3D" index="0"]
transform = Transform3D(0.824275, 0.172646, -0.539225, -0.291389, 0.945921, -0.142566, 0.485451, 0.274638, 0.830007, -0.0184166, 0.446991, -0.00656174)

[node name="ShinL" parent="Mesh/model/FighterRig/Skeleton3D" index="1"]
transform = Transform3D(0.716185, 0.415326, 0.560868, 0.373837, -0.906922, 0.194234, 0.589341, 0.0705732, -0.804792, -0.0337931, 0.276568, 0.177209)

[node name="ThighL" parent="Mesh/model/FighterRig/Skeleton3D" index="2"]
transform = Transform3D(0.735993, -0.291699, 0.610914, 0.241359, -0.730049, -0.639346, 0.632501, 0.61801, -0.466903, 0.0238402, 0.420809, 0.0551042)

[node name="ShinR" parent="Mesh/model/FighterRig/Skeleton3D" index="3"]
transform = Transform3D(0.0849536, 0.475691, 0.875501, -0.463534, -0.758934, 0.457335, 0.881997, -0.444677, 0.156025, -0.186571, 0.232618, -0.0437075)

[node name="ThighR" parent="Mesh/model/FighterRig/Skeleton3D" index="4"]
transform = Transform3D(0.0910987, -0.658045, 0.747448, -0.297431, -0.734289, -0.610209, 0.950387, -0.166725, -0.262616, -0.0565556, 0.377698, -0.0107664)

[node name="BoneAttachment3D6" parent="Mesh/model/FighterRig/Skeleton3D" index="5"]
transform = Transform3D(0.714494, -0.475598, -0.513133, 0.383142, 0.87965, -0.281811, 0.585406, 0.00474976, 0.810727, 0.0159102, 0.383501, -0.00690458)

[node name="BoneAttachment3D7" parent="Mesh/model/FighterRig/Skeleton3D" index="6"]
transform = Transform3D(0.815138, -6.60764e-05, -0.579278, 3.65525e-05, 1, -6.26588e-05, 0.579284, 2.99068e-05, 0.81513, 0.0895038, 0.00733806, 0.198157)

[node name="BoneAttachment3D8" parent="Mesh/model/FighterRig/Skeleton3D" index="7"]
transform = Transform3D(-0.972866, 0.179085, -0.146494, -0.201183, -0.342073, 0.917884, 0.114268, 0.92245, 0.36882, 0.146271, 0.583445, 0.291613)

[node name="Head" parent="Mesh/model/FighterRig/Skeleton3D" index="8"]
transform = Transform3D(0.999961, 0.00619167, 0.00634998, -7.89762e-07, 0.716034, -0.698065, -0.00886893, 0.698038, 0.716006, -0.00361118, 0.765025, 0.117279)

[node name="Neck" parent="Mesh/model/FighterRig/Skeleton3D" index="9"]
transform = Transform3D(0.815133, -0.0418772, -0.577758, -0.170017, 0.936162, -0.307725, 0.553762, 0.349065, 0.755977, 0.000810874, 0.66617, 0.080419)

[node name="ForearmL" parent="Mesh/model/FighterRig/Skeleton3D" index="10"]
transform = Transform3D(-0.731875, -0.277153, -0.622531, -0.634181, 0.611303, 0.473416, 0.249347, 0.741279, -0.623162, 0.188224, 0.490912, 0.179413)

[node name="UpperArmL" parent="Mesh/model/FighterRig/Skeleton3D" index="11"]
transform = Transform3D(-0.819018, 0.563254, -0.109336, -0.55813, -0.737911, 0.379443, 0.133043, 0.371795, 0.918732, 0.0963356, 0.611293, 0.118759)

[node name="ForearmR" parent="Mesh/model/FighterRig/Skeleton3D" index="12"]
transform = Transform3D(-0.646769, -0.761018, -0.0504158, 0.700887, -0.619128, 0.354172, -0.300745, 0.193732, 0.93382, -0.0895246, 0.574442, -0.129323)

[node name="UpperArmR" parent="Mesh/model/FighterRig/Skeleton3D" index="13"]
transform = Transform3D(-0.643497, -0.0197099, -0.765195, 0.628047, -0.58506, -0.513091, -0.437572, -0.810751, 0.388863, -0.0863091, 0.669887, 0.0029414)

[node name="Chest" parent="Mesh/model/FighterRig/Skeleton3D" index="14"]
transform = Transform3D(0.818392, 0.0209715, -0.574277, -0.259604, 0.905041, -0.336907, 0.512679, 0.424806, 0.746123, -0.00221045, 0.535783, 0.019218)

[node name="BoneAttachment3D16" parent="Mesh/model/FighterRig/Skeleton3D" index="15"]
transform = Transform3D(0.202112, -5.39606e-05, -0.979363, -3.61502e-05, 1, -6.25564e-05, 0.979373, 4.8037e-05, 0.20211, -0.0453512, 0.0073151, -0.175717)

[node name="BoneAttachment3D17" parent="Mesh/model/FighterRig/Skeleton3D" index="16"]
transform = Transform3D(-0.0849744, 0.972825, -0.215386, -0.823038, -0.190371, -0.535133, -0.561594, 0.131798, 0.816848, -0.204719, 0.480729, -0.0999978)

[node name="PlatformDetection" type="Node3D" parent="."]

[node name="RayCast3D" type="RayCast3D" parent="PlatformDetection"]
collision_mask = 2
debug_shape_thickness = 5

[node name="HitBox" parent="." instance=ExtResource("4_u02u1")]
transform = Transform3D(1, 0, 0, 0, 1, 0, 0, 0, 1, -2, 1, 0)
damage = 12.0
base_knockback = 10
knockback_growth = 30

[node name="CollisionShape3D" parent="HitBox" index="0"]
transform = Transform3D(1, 0, 0, 0, 1, 0, 0, 0, 1, 0.7, 0, 0)
shape = SubResource("SphereShape3D_bvclj")

[editable path="Mesh/model"]
[editable path="Mesh/model/FighterRig/Skeleton3D/Abdomen/Abdomen/Hurtbox"]
[editable path="Mesh/model/FighterRig/Skeleton3D/ShinL/Hurtbox"]
[editable path="Mesh/model/FighterRig/Skeleton3D/ThighL/Hurtbox"]
[editable path="Mesh/model/FighterRig/Skeleton3D/ShinR/Hurtbox"]
[editable path="Mesh/model/FighterRig/Skeleton3D/ThighR/Hurtbox"]
[editable path="Mesh/model/FighterRig/Skeleton3D/Head/Hurtbox"]
[editable path="Mesh/model/FighterRig/Skeleton3D/Neck/Hurtbox"]
[editable path="Mesh/model/FighterRig/Skeleton3D/ForearmL/Hurtbox"]
[editable path="Mesh/model/FighterRig/Skeleton3D/UpperArmL/Hurtbox"]
[editable path="Mesh/model/FighterRig/Skeleton3D/ForearmR/Hurtbox"]
[editable path="Mesh/model/FighterRig/Skeleton3D/UpperArmR/Hurtbox"]
[editable path="Mesh/model/FighterRig/Skeleton3D/Chest/Hurtbox"]
[editable path="HitBox"]
